          17
           0           1
           0           3
           1           1
           1           2
           1           3
           1           4
           1           5
           2           3
           2           4
           2           5
           2           1
           2           2
           3           1
           3           2
           3           3
           3           4
           3           5
          14
   1.00000000000000     
   5.00000000000000     
   10.0000000000000     
   25.0000000000000     
   50.0000000000000     
   100.000000000000     
   150.000000000000     
   200.000000000000     
   250.000000000000     
   300.000000000000     
   350.000000000000     
   400.000000000000     
   450.000000000000     
   500.000000000000     
 -0.151281130
2.336086454
0.000000000
0.000000000
1.054330257
0.000000000
0.199132569
0.000000000
-0.837012181
0.000000000
-0.15056056543
0.443891690
0.000000000
0.000000000
0.000000000
0.351151131
0.000000000
0.000000000
0.000000000
0.000000000
-0.636546259
0.000000000
0.000000000
0.000000000
   500.00000000000     